x	y	z
-0.358140  0.357589  -1.429098
-0.357850  0.357300  -1.427940
-0.357525  0.356975  -1.426644
-0.360779  0.352052  -1.439630
-0.358598  0.349924  -1.430928
-0.358864  0.347966  -1.456734
-0.357683  0.340929  -1.427275
-0.358553  0.333636  -1.430746
-0.358744  0.325688  -1.431509
-0.358173  0.317057  -1.429230
-0.357018  0.307947  -1.424620
-0.353275  0.304719  -1.409685
-0.351867  0.295534  -1.404066
-0.349133  0.293238  -1.393156
-0.342281  0.286213  -1.397470
-0.339689  0.284045  -1.386888
-0.339072  0.275672  -1.384370
-0.341100  0.259533  -1.392650
-0.340842  0.251437  -1.391597
-0.341175  0.235869  -1.392957
-0.334982  0.229134  -1.400120
-0.332130  0.227183  -1.388200
-0.329322  0.225262  -1.376463
-0.322877  0.218374  -1.382324
-0.305516  0.214873  -1.410858
-0.308155  0.209225  -1.386695
-0.307756  0.201093  -1.384899
-0.305297  0.188710  -1.409848
-0.294876  0.184195  -1.437068
-0.296177  0.168621  -1.443408
-0.286507  0.167756  -1.436005
-0.285259  0.163536  -1.399880
-0.277039  0.163375  -1.398501
-0.277536  0.154607  -1.391044
-0.271988  0.148351  -1.334751
-0.268521  0.150657  -1.355498
-0.263588  0.147889  -1.330597
-0.260826  0.138865  -1.316654
-0.249701  0.133434  -1.337125
-0.241658  0.129674  -1.377822
-0.236071  0.124766  -1.345971
-0.227735  0.105048  -1.388304
-0.219093  0.112538  -1.383500
-0.225098  0.096042  -1.372233
-0.229121  0.094489  -1.350035
-0.219800  0.086175  -1.339930
-0.203694  0.079861  -1.241748
-0.194445  0.078967  -1.227852
-0.183681  0.078095  -1.214295
-0.175425  0.070653  -1.204927
-0.181677  0.070425  -1.201045
-0.174086  0.063326  -1.195737
-0.174077  0.063323  -1.195670
-0.174281  0.056602  -1.197070
-0.167430  0.056583  -1.196672
-0.167429  0.041299  -1.196668
-0.154176  0.034580  -1.199260
-0.154107  0.034565  -1.198721
-0.153861  0.027716  -1.196803
-0.153537  0.027657  -1.194282
-0.146910  0.027686  -1.195525
-0.139806  0.020852  -1.192814
-0.140354  0.014137  -1.197497
-0.145486  0.014653  -1.241276
-0.135349  0.014326  -1.213567
-0.168010  0.027747  -1.587190
-0.155685  0.017362  -1.470760
-0.148111  0.008692  -1.418221
-0.176549  0.010801  -1.762374
-0.155593  0.000702  -1.553179
-0.173560  -0.019158  -1.757430
-0.137734  -0.026630  -1.479723
-0.145857  -0.048978  -1.668755
-0.113543  -0.035344  -1.492969
-0.098084  -0.037853  -1.289709
-0.089467  -0.037312  -1.271294
-0.084344  -0.038262  -1.303653
-0.084383  -0.045683  -1.304248
-0.073981  -0.072365  -1.253445
-0.075623  -0.066698  -1.281273
-0.052225  -0.067006  -1.287180
-0.037777  -0.083527  -1.604559
-0.007955  -0.063578  -1.221329
-0.001018  -0.049471  -1.215412
-0.001023  -0.042797  -1.221852
0.014233  -0.035001  -1.192528
0.032882  -0.033319  -1.135234
0.038970  -0.033018  -1.124968
0.039066  -0.026697  -1.127734
0.045250  -0.026569  -1.122334
0.051304  -0.020074  -1.115436
0.057175  -0.019914  -1.106526
0.070538  -0.019699  -1.094585
0.070734  -0.005735  -1.097625
0.076808  0.000495  -1.095388
0.082629  0.012869  -1.090147
0.082320  0.012821  -1.086075
0.082245  0.018969  -1.085076
0.082402  0.019005  -1.087148
0.082603  0.025238  -1.089810
0.088137  0.025052  -1.081795
0.088050  0.025028  -1.080728
0.088353  0.031270  -1.084448
0.093953  0.043326  -1.078074
0.099711  0.056889  -1.074178
0.105538  0.056743  -1.071425
0.108885  0.064817  -1.105408
0.113342  0.069970  -1.087953
0.118967  0.073442  -1.141949
0.132105  0.076353  -1.187201
0.144482  0.086466  -1.235405
0.149749  0.096886  -1.280438
0.143912  0.110451  -1.173571
0.148782  0.134174  -1.272171
0.137915  0.125001  -1.124665
0.126030  0.114228  -1.027743
0.131883  0.119533  -1.075471
0.154541  0.140710  -1.204491
0.139131  0.127207  -1.038441
0.150552  0.139104  -0.996965
0.159276  0.149404  -0.980986
0.169758  0.158628  -0.969293
0.169510  0.163890  -0.967879
0.191098  0.185646  -0.938973
0.195567  0.190138  -0.934852
0.195705  0.191600  -0.935512
0.207694  0.196949  -0.935696
0.219099  0.202985  -0.939048
0.232865  0.211131  -0.951738
0.254265  0.237593  -0.971578
0.259944  0.243262  -0.972192
0.259589  0.243017  -0.965736
0.255641  0.234372  -0.931380
0.259490  0.233080  -0.926246
0.260998  0.229779  -0.913127
0.258914  0.227944  -0.905836
0.260235  0.221102  -0.859263
0.270236  0.226186  -0.860046
0.267445  0.219018  -0.851162
0.278024  0.225440  -0.821739
0.273704  0.214731  -0.782704
0.276097  0.207645  -0.789547
0.276876  0.209328  -0.779129
0.282829  0.214913  -0.783367
0.287056  0.204585  -0.795075
0.297545  0.204815  -0.795967
0.312216  0.205550  -0.798824
0.313432  0.196108  -0.801934
0.325245  0.200661  -0.797414
0.325472  0.192460  -0.787018
0.324942  0.178766  -0.785735
0.320239  0.165260  -0.785141
0.335319  0.163379  -0.776203
0.330573  0.158809  -0.775405
0.326660  0.153794  -0.756158
0.324424  0.146136  -0.760982
0.339429  0.138330  -0.765596
0.335632  0.130810  -0.747461
0.338398  0.124912  -0.763271
0.348238  0.124085  -0.785464
0.354378  0.124676  -0.789208
0.368617  0.129686  -0.820919
0.371237  0.124741  -0.826755
0.381148  0.116956  -0.838230
0.413031  0.114991  -0.897147
0.448756  0.114804  -0.937189
0.480148  0.119990  -0.979525
0.503303  0.118575  -1.015008
0.506701  0.113574  -1.021860
0.494335  0.105144  -0.996922
0.498920  0.094696  -1.006169
0.476497  0.076417  -0.939439
0.456314  0.063679  -0.909830
0.458810  0.058176  -0.904568
0.445929  0.052135  -0.889124
0.437435  0.041712  -0.882172
0.440835  0.025345  -0.878968
0.441117  0.020368  -0.879530
0.437604  0.015428  -0.882514
0.353150  0.016770  -0.959285
0.453383  -0.004568  -0.874300
0.443852  -0.010903  -0.884983
0.447118  -0.020868  -0.881517
0.441532  -0.021080  -0.890436
0.442795  -0.026209  -0.892982
0.438588  -0.046577  -0.894741
0.434525  -0.056868  -0.896838
0.446085  -0.062710  -0.889436
0.442237  -0.067943  -0.891856
0.434683  -0.068347  -0.897163
0.440892  -0.078732  -0.899441
0.451137  -0.104269  -0.899508
0.422055  -0.106258  -0.905584
0.410882  -0.111157  -0.903622
0.309135  -0.078757  -0.962118
0.405781  -0.114843  -0.892403
0.400302  -0.124846  -0.891483
0.409782  -0.139808  -0.890090
0.440290  -0.145770  -0.887931
0.440995  -0.149790  -0.889353
0.421911  -0.150636  -0.894379
0.418321  -0.152448  -0.897571
0.431906  -0.158320  -0.901999
0.427949  -0.163886  -0.904460
0.421864  -0.169153  -0.905173
0.440604  -0.185427  -0.909385
0.445940  -0.190663  -0.909739
0.423333  -0.190367  -0.908324
0.431861  -0.196471  -0.912727
0.454049  -0.226994  -0.926283
0.452074  -0.233951  -0.933058
0.432988  -0.232944  -0.929041
0.428866  -0.238859  -0.931542
0.444459  -0.246934  -0.942177
